0 ||| the . ||| 0 ||| i go . ||| 4 3
2.589227557182312012e-01 1.563588902354240417e-02 7.254413962364196777e-01 0.000000000000000000e+00
9.645129740238189697e-02 1.932419836521148682e-01 7.103067040443420410e-01 0.000000000000000000e+00
2.474006731063127518e-03 2.123796194791793823e-02 9.762880206108093262e-01 0.000000000000000000e+00

0 ||| Europe . ||| 0 ||| go . ||| 3 3
3.042630851268768311e-03 9.969573616981506348e-01 0.000000000000000000e+00
9.971852600574493408e-02 9.002814888954162598e-01 0.000000000000000000e+00
1.945182681083679199e-02 9.805481433868408203e-01 0.000000000000000000e+00

0 ||| this is this . ||| 0 ||| this is another . ||| 5 5
6.498093008995056152e-01 2.484053559601306915e-02 3.211266100406646729e-01 4.223545081913471222e-03 0.000000000000000000e+00
1.401363164186477661e-01 5.532589554786682129e-01 1.581247337162494659e-02 2.907922565937042236e-01 0.000000000000000000e+00
6.385786831378936768e-02 2.512307763099670410e-01 7.984422147274017334e-02 6.050671339035034180e-01 0.000000000000000000e+00
9.317901730537414551e-02 1.003708541393280029e-01 1.489394009113311768e-01 6.575107574462890625e-01 0.000000000000000000e+00
3.636142611503601074e-02 2.296257391571998596e-02 6.528564542531967163e-02 8.753903508186340332e-01 0.000000000000000000e+00

0 ||| these these are should be . . ||| 0 ||| all these sentences should get copied . ||| 8 8
1.566984504461288452e-01 5.384760499000549316e-01 1.453345292247831821e-03 1.627366989850997925e-01 8.535929769277572632e-02 1.446365565061569214e-02 4.081247374415397644e-02 0.000000000000000000e+00
3.071702122688293457e-01 1.679333113133907318e-02 5.802147643407806754e-05 5.140109658241271973e-01 1.210774555802345276e-01 1.347097277175635099e-04 4.075536876916885376e-02 0.000000000000000000e+00
1.064596101641654968e-01 1.040047686547040939e-02 3.092274419032037258e-04 2.345260381698608398e-01 3.146329224109649658e-01 2.261382294818758965e-03 3.314103484153747559e-01 0.000000000000000000e+00
8.705589920282363892e-02 8.855653926730155945e-03 8.689074893482029438e-04 2.157614082098007202e-01 3.310038745403289795e-01 3.823021892458200455e-03 3.526312112808227539e-01 0.000000000000000000e+00
1.543356031179428101e-01 2.112215384840965271e-02 2.265459857881069183e-03 1.175602599978446960e-01 2.906351089477539062e-01 2.033833647146821022e-03 4.120475947856903076e-01 0.000000000000000000e+00
1.003277450799942017e-01 2.697028964757919312e-02 3.392585087567567825e-03 5.836886912584304810e-02 1.607643812894821167e-01 3.285515122115612030e-03 6.468906402587890625e-01 0.000000000000000000e+00
8.116608858108520508e-02 4.791241139173507690e-02 1.402128580957651138e-02 2.672440186142921448e-02 9.976780414581298828e-02 6.675990764051675797e-03 7.237319946289062500e-01 0.000000000000000000e+00
1.978302560746669769e-02 2.228829450905323029e-02 5.987538024783134460e-03 2.202611789107322693e-02 2.278411015868186951e-02 2.903148159384727478e-02 8.780994415283203125e-01 0.000000000000000000e+00

0 ||| more with these countries . ||| 0 ||| these sentences should get copied . ||| 7 6
3.894981145858764648e-01 1.981689594686031342e-02 1.378272622823715210e-01 9.274072200059890747e-02 2.894108295440673828e-01 7.070618867874145508e-02 0.000000000000000000e+00
5.362251028418540955e-02 1.597115071490406990e-03 5.581040978431701660e-01 1.380636990070343018e-01 8.229017257690429688e-03 2.403835803270339966e-01 0.000000000000000000e+00
8.130181580781936646e-02 8.496617898344993591e-03 2.133870124816894531e-01 2.864100635051727295e-01 2.736483886837959290e-02 3.830396234989166260e-01 0.000000000000000000e+00
2.380496636033058167e-02 9.408847428858280182e-03 1.477666646242141724e-01 1.194238737225532532e-01 3.272581100463867188e-02 6.668698191642761230e-01 0.000000000000000000e+00
1.640181802213191986e-02 1.421775110065937042e-02 8.379756659269332886e-02 7.910725474357604980e-02 7.372046262025833130e-02 7.327551245689392090e-01 0.000000000000000000e+00
3.920061513781547546e-02 2.392417751252651215e-03 5.286105722188949585e-02 3.856456279754638672e-02 6.782995164394378662e-02 7.991514205932617188e-01 0.000000000000000000e+00

0 ||| Europe between men and . . ||| 0 ||| cats and dogs . ||| 5 7
4.451251924037933350e-01 3.823041170835494995e-02 4.569924995303153992e-02 4.709451496601104736e-01 0.000000000000000000e+00
4.615815822035074234e-03 4.154937863349914551e-01 4.066284894943237305e-01 1.732619106769561768e-01 0.000000000000000000e+00
1.068944111466407776e-01 4.426355659961700439e-01 1.226811036467552185e-01 3.277889192104339600e-01 0.000000000000000000e+00
7.855316624045372009e-03 2.646413147449493408e-01 2.033488899469375610e-01 5.241544842720031738e-01 0.000000000000000000e+00
7.460862863808870316e-03 1.432405263185501099e-01 4.785468801856040955e-02 8.014439344406127930e-01 0.000000000000000000e+00
9.262334555387496948e-03 7.012459635734558105e-02 4.610976874828338623e-01 4.595153927803039551e-01 0.000000000000000000e+00
3.342277929186820984e-02 9.511965513229370117e-02 1.451382488012313843e-01 7.263193130493164062e-01 0.000000000000000000e+00

0 ||| Europe between men and . . ||| 0 ||| dogs and cats . ||| 5 7
4.569924622774124146e-02 3.823041915893554688e-02 4.451251924037933350e-01 4.709451198577880859e-01 0.000000000000000000e+00
4.066284894943237305e-01 4.154937565326690674e-01 4.615815356373786926e-03 1.732619255781173706e-01 0.000000000000000000e+00
1.226811110973358154e-01 4.426356256008148193e-01 1.068943664431571960e-01 3.277888894081115723e-01 0.000000000000000000e+00
2.033489197492599487e-01 2.646414041519165039e-01 7.855320349335670471e-03 5.241544246673583984e-01 0.000000000000000000e+00
4.785465821623802185e-02 1.432405412197113037e-01 7.460855413228273392e-03 8.014439344406127930e-01 0.000000000000000000e+00
4.610975682735443115e-01 7.012463361024856567e-02 9.262328036129474640e-03 4.595154821872711182e-01 0.000000000000000000e+00
1.451382488012313843e-01 9.511964023113250732e-02 3.342275694012641907e-02 7.263193726539611816e-01 0.000000000000000000e+00

0 ||| the of of of of . ||| 0 ||| state of the art . ||| 6 7
2.107211202383041382e-02 4.692882299423217773e-01 2.218016833066940308e-01 1.745294593274593353e-02 2.703850269317626953e-01 0.000000000000000000e+00
7.784274220466613770e-02 5.934640765190124512e-01 2.245615124702453613e-01 2.602745220065116882e-02 7.810422033071517944e-02 0.000000000000000000e+00
1.481775045394897461e-01 4.105622768402099609e-01 1.887566149234771729e-01 9.594595059752464294e-03 2.429089993238449097e-01 0.000000000000000000e+00
7.331959158182144165e-02 3.622053265571594238e-01 1.407628655433654785e-01 1.823814772069454193e-02 4.054740667343139648e-01 0.000000000000000000e+00
6.940235942602157593e-02 3.074383139610290527e-01 1.083602756261825562e-01 2.322689071297645569e-02 4.915721714496612549e-01 0.000000000000000000e+00
4.870748519897460938e-02 2.280899286270141602e-01 7.553087919950485229e-02 2.322540991008281708e-02 6.244462728500366211e-01 0.000000000000000000e+00
2.992782555520534515e-02 1.305832117795944214e-01 4.691965132951736450e-02 1.828682050108909607e-02 7.742825150489807129e-01 0.000000000000000000e+00

0 ||| the of of of of . ||| 0 ||| art of the state . ||| 6 7
1.745294779539108276e-02 4.692882895469665527e-01 2.218016982078552246e-01 2.107211388647556305e-02 2.703849375247955322e-01 0.000000000000000000e+00
2.602745220065116882e-02 5.934640765190124512e-01 2.245615273714065552e-01 7.784273475408554077e-02 7.810422033071517944e-02 0.000000000000000000e+00
9.594595059752464294e-03 4.105622768402099609e-01 1.887566447257995605e-01 1.481774747371673584e-01 2.429090142250061035e-01 0.000000000000000000e+00
1.823814399540424347e-02 3.622053563594818115e-01 1.407629102468490601e-01 7.331960648298263550e-02 4.054739773273468018e-01 0.000000000000000000e+00
2.322689630091190338e-02 3.074383735656738281e-01 1.083603054285049438e-01 6.940237432718276978e-02 4.915720522403717041e-01 0.000000000000000000e+00
2.322541736066341400e-02 2.280900478363037109e-01 7.553089410066604614e-02 4.870748892426490784e-02 6.244461536407470703e-01 0.000000000000000000e+00
1.828682422637939453e-02 1.305833011865615845e-01 4.691968858242034912e-02 2.992786280810832977e-02 7.742823362350463867e-01 0.000000000000000000e+00

0 ||| I have like to express his condolences to talk about ||| 0 ||| i go to school every day because I like studying stuff . ||| 13 11
7.650254410691559315e-04 1.575904898345470428e-04 9.866925887763500214e-03 6.432346999645233154e-04 1.052081678062677383e-02 1.929563441080972552e-04 7.140934467315673828e-02 4.525367915630340576e-01 4.535590410232543945e-01 2.624632543302141130e-05 8.212681132135912776e-05 2.398845390416681767e-04 0.000000000000000000e+00
1.048377081751823425e-01 1.325524598360061646e-02 7.357825338840484619e-02 6.324380170553922653e-03 1.886665076017379761e-02 5.554132908582687378e-02 2.053952366113662720e-01 8.577240258455276489e-02 1.561255902051925659e-01 3.356436791364103556e-04 9.318861993961036205e-04 2.790356874465942383e-01 0.000000000000000000e+00
4.760185629129409790e-02 9.613819420337677002e-03 1.768561601638793945e-01 5.460592918097972870e-03 2.554628066718578339e-02 1.105192769318819046e-02 1.094664931297302246e-01 5.018743500113487244e-02 5.223295688629150391e-01 8.576183463446795940e-04 9.231119183823466301e-04 4.010513424873352051e-02 0.000000000000000000e+00
4.840347170829772949e-02 2.291250787675380707e-02 1.966798305511474609e-01 5.488842260092496872e-03 1.861137896776199341e-02 4.955757781863212585e-02 9.101068228483200073e-02 7.136631011962890625e-02 9.881365299224853516e-02 1.318658905802294612e-04 3.869314969051629305e-04 3.966369330883026123e-01 0.000000000000000000e+00
4.995056614279747009e-02 4.912249743938446045e-02 1.081993356347084045e-01 8.141670376062393188e-03 2.232514880597591400e-02 8.293917030096054077e-02 1.676460206508636475e-01 2.579669281840324402e-02 4.857381060719490051e-02 1.539146993309259415e-03 6.019565043970942497e-04 4.351639747619628906e-01 0.000000000000000000e+00
9.920914471149444580e-02 3.586121276021003723e-02 2.982063293457031250e-01 1.153061445802450180e-02 6.175675615668296814e-02 8.433910459280014038e-02 7.884986698627471924e-02 4.951252415776252747e-02 1.207253634929656982e-01 1.942993025295436382e-03 5.850622896105051041e-03 1.522154659032821655e-01 0.000000000000000000e+00
7.401564717292785645e-02 3.384131565690040588e-02 1.253352314233779907e-01 1.038904953747987747e-02 5.602350831031799316e-02 3.463026583194732666e-01 2.018928900361061096e-02 3.898675553500652313e-03 6.022512167692184448e-02 1.117247040383517742e-03 8.712662965990602970e-04 2.677910029888153076e-01 0.000000000000000000e+00
1.972402445971965790e-02 3.823084011673927307e-02 2.153412103652954102e-01 3.207011148333549500e-03 5.928877368569374084e-02 1.178965047001838684e-01 8.535809814929962158e-02 2.410590462386608124e-02 4.370710998773574829e-02 1.691091689281165600e-03 9.688336402177810669e-03 3.817611038684844971e-01 0.000000000000000000e+00
2.116743847727775574e-02 9.933734685182571411e-02 1.786766201257705688e-01 7.698971312493085861e-03 1.077619716525077820e-01 1.754616796970367432e-01 9.512120485305786133e-02 2.345961332321166992e-02 9.815247729420661926e-03 9.375761146657168865e-04 1.317955739796161652e-02 2.673827707767486572e-01 0.000000000000000000e+00
6.297502666711807251e-02 5.053064972162246704e-02 2.067245095968246460e-01 1.108008809387683868e-02 7.331851124763488770e-02 1.520816385746002197e-01 2.949029766023159027e-02 1.329126302152872086e-02 3.113018162548542023e-02 4.196122754365205765e-03 2.832103334367275238e-02 3.368606865406036377e-01 0.000000000000000000e+00
7.889794185757637024e-03 2.639503963291645050e-02 1.280076652765274048e-01 2.505075652152299881e-03 3.766583278775215149e-02 3.553761243820190430e-01 2.027487941086292267e-02 5.376058630645275116e-03 6.655442994087934494e-04 3.087593358941376209e-05 2.624565735459327698e-03 4.131885468959808350e-01 0.000000000000000000e+00

0 ||| we you will your your your your and your your . . ||| 0 ||| we are asking for your respect and your solidarity . ||| 11 13
4.230708181858062744e-01 1.919996179640293121e-02 2.286564704263582826e-04 3.074213862419128418e-02 2.582990527153015137e-01 2.106864936649799347e-03 5.720516201108694077e-03 2.582990527153015137e-01 1.948456192621961236e-04 2.138147130608558655e-03 0.000000000000000000e+00
2.112975902855396271e-02 4.525589644908905029e-01 7.101163646439090371e-05 5.599493533372879028e-02 5.320302397012710571e-02 1.656453907489776611e-01 7.263801991939544678e-02 5.320302397012710571e-02 4.196359589695930481e-02 8.359227329492568970e-02 0.000000000000000000e+00
5.558216199278831482e-02 1.873947679996490479e-01 7.459484913852065802e-05 1.160567030310630798e-01 1.608597338199615479e-01 3.596242144703865051e-02 1.234609186649322510e-01 1.608597338199615479e-01 1.194157451391220093e-02 1.478073745965957642e-01 0.000000000000000000e+00
4.657759517431259155e-02 1.048416271805763245e-01 9.109659731620922685e-05 1.195856109261512756e-01 1.569573134183883667e-01 7.118115574121475220e-02 1.317796856164932251e-01 1.569573134183883667e-01 3.138782456517219543e-02 1.806407868862152100e-01 0.000000000000000000e+00
3.263206407427787781e-02 7.777003943920135498e-02 6.836036482127383351e-05 1.437178403139114380e-01 1.631493270397186279e-01 1.086546108126640320e-01 1.310155540704727173e-01 1.631493270397186279e-01 3.938377648591995239e-02 1.404591053724288940e-01 0.000000000000000000e+00
3.213125467300415039e-02 1.093879342079162598e-01 4.547677963273599744e-05 8.229527622461318970e-02 4.360118508338928223e-02 6.939889490604400635e-02 2.226773053407669067e-01 4.360118508338928223e-02 3.012384846806526184e-02 3.667376339435577393e-01 0.000000000000000000e+00
4.870381951332092285e-02 1.292204856872558594e-01 4.654837903217412531e-05 7.750442624092102051e-02 2.815067954361438751e-02 5.381901189684867859e-02 2.064370810985565186e-01 2.815067954361438751e-02 2.396807074546813965e-02 4.039992094039916992e-01 0.000000000000000000e+00
5.197087675333023071e-02 1.316974014043807983e-01 5.705347211915068328e-05 7.662479579448699951e-02 2.350085787475109100e-02 5.053144693374633789e-02 1.759532988071441650e-01 2.350085787475109100e-02 2.322072349488735199e-02 4.429427087306976318e-01 0.000000000000000000e+00
4.407398030161857605e-02 1.120565682649612427e-01 6.737567309755831957e-05 7.435850799083709717e-02 2.077130787074565887e-02 5.063156783580780029e-02 1.446189880371093750e-01 2.077130787074565887e-02 2.374407649040222168e-02 5.089063048362731934e-01 0.000000000000000000e+00
4.047854989767074585e-02 1.040378436446189880e-01 2.205700438935309649e-04 7.293729484081268311e-02 2.645389735698699951e-02 1.089426279067993164e-01 8.428080379962921143e-02 2.645389735698699951e-02 4.768006503582000732e-02 4.885144531726837158e-01 0.000000000000000000e+00
1.771720312535762787e-02 4.989737644791603088e-02 5.835239426232874393e-05 6.579317897558212280e-02 2.007873915135860443e-02 5.984640866518020630e-02 8.434944599866867065e-02 2.007873915135860443e-02 2.700597792863845825e-02 6.551745533943176270e-01 0.000000000000000000e+00
1.053418219089508057e-02 2.649365365505218506e-02 3.980602195952087641e-05 4.940972104668617249e-02 1.240553613752126694e-02 5.224485322833061218e-02 5.733027309179306030e-02 1.240553613752126694e-02 2.571272663772106171e-02 7.534236907958984375e-01 0.000000000000000000e+00
1.557590905576944351e-02 2.913359366357326508e-02 3.030334482900798321e-04 5.005781725049018860e-02 1.355785969644784927e-02 9.648477286100387573e-02 4.440330341458320618e-02 1.355785969644784927e-02 2.988796494901180267e-02 7.070378661155700684e-01 0.000000000000000000e+00

